HEART RATE: 
Total participant IDs in CSV: 905
Total folders in directory: 903
Participant IDs missing from directory: 2
Extra folders in directory (not in CSV): 0
Missing participant IDs: [1090, 1091]
All participant IDs present in directory: False

OXYGEN SATS: 
Total participant IDs in CSV: 905
Total folders in directory: 802
Participant IDs missing from directory: 103
Extra folders in directory (not in CSV): 0
Missing participant IDs: [1043, 1240, 1299, 4036, 4039, 4040, 4043, 4045, 4047, 4048, 4049, 4052, 4055, 4056, 4057, 4059, 4060, 4061, 4062, 4064, 4065, 4067, 4068, 4072, 4073, 4074, 4075, 4076, 4078, 4082, 4087, 4089, 4091, 4095, 4101, 4113, 4121, 4124, 4132, 4138, 4139, 4147, 4151, 4156, 4157, 4160, 4161, 4177, 4178, 4180, 4187, 4189, 4192, 4202, 4203, 4207, 4211, 4215, 4222, 4224, 4225, 4226, 4227, 4229, 4231, 4232, 4239, 4244, 4245, 4246, 4247, 4249, 4250, 4251, 4252, 4253, 4254, 4256, 4261, 4264, 4265, 4266, 4267, 4269, 4270, 4271, 4274, 4275, 4278, 4279, 4280, 4287, 4290, 4292, 4294, 4296, 4297, 4299, 4302, 7121, 7163, 7187, 7359]
All participant IDs present in directory: False

PHYSICAL ACTIVITY: 
Total participant IDs in CSV: 905
Total folders in directory: 905
Participant IDs missing from directory: 0
Extra folders in directory (not in CSV): 0
All participant IDs present in directory: True

CALORIE: 
Total participant IDs in CSV: 905
Total folders in directory: 905
Participant IDs missing from directory: 0
Extra folders in directory (not in CSV): 0
All participant IDs present in directory: True

RESPIRATORY RATE: 
Total participant IDs in CSV: 905
Total folders in directory: 905
Participant IDs missing from directory: 0
Extra folders in directory (not in CSV): 0
All participant IDs present in directory: True

SLEEP: 
Total participant IDs in CSV: 905
Total folders in directory: 905
Participant IDs missing from directory: 0
Extra folders in directory (not in CSV): 0
All participant IDs present in directory: True

STRESS: 
Total participant IDs in CSV: 905
Total folders in directory: 904
Participant IDs missing from directory: 1
Extra folders in directory (not in CSV): 0
Missing participant IDs: [4280]
All participant IDs present in directory: False

BLOOD GLUCOSE: 
Total participant IDs in CSV: 905
Total folders in directory: 1049
Participant IDs missing from directory: 9
Extra folders in directory (not in CSV): 153
Missing participant IDs: [1187, 1197, 4021, 4027, 4047, 4100, 7075, 7151, 7205]
Extra folders: [1001, 1002, 1003, 1004, 1005, 1006, 1007, 1008, 1009, 1010, 1011, 1012, 1013, 1014, 1015, 1016, 1017, 1018, 1019, 1020, 1021, 1022, 1025, 1048, 1059, 1078, 1082, 1107, 1108, 1127, 1130, 1142, 1150, 1162, 1190, 1191, 1265, 1279, 1319, 1342, 1343, 1360, 1369, 1370, 1371, 1375, 4001, 4002, 4004, 4005, 4006, 4008, 4011, 4012, 4014, 4016, 4017, 4018, 4020, 4024, 4025, 4029, 4050, 4063, 4069, 4070, 4071, 4079, 4080, 4081, 4083, 4084, 4085, 4086, 4090, 4092, 4093, 4094, 4096, 4097, 4098, 4099, 4102, 4126, 4129, 4137, 4152, 4173, 4174, 4176, 4194, 4195, 4197, 4198, 4199, 4209, 4213, 4214, 4217, 4218, 4223, 4233, 4238, 4242, 4243, 4258, 4259, 4260, 4262, 4272, 4277, 4288, 4293, 4295, 4300, 7001, 7003, 7004, 7005, 7006, 7007, 7008, 7009, 7010, 7011, 7012, 7013, 7014, 7016, 7017, 7018, 7019, 7021, 7022, 7023, 7024, 7026, 7027, 7029, 7032, 7033, 7034, 7060, 7135, 7289, 7321, 7324, 7331, 7342, 7353, 7370, 7380, 7410]
All participant IDs present in directory: False



PARTICIPANTS WITH EVERYTHING (all data types): 792
patient_IDs = [1023, 1024, 1026, 1027, 1028, 1029, 1030, 1031, 1032, 1033, 1034, 1035, 1036, 1037, 1038, 1039, 1040, 1041, 1042, 1044, 1045, 1046, 1047, 1049, 1050, 1051, 1052, 1053, 1054, 1055, 1056, 1057, 1058, 1060, 1061, 1062, 1063, 1064, 1065, 1066, 1067, 1068, 1069, 1070, 1071, 1072, 1073, 1074, 1075, 1076, 1077, 1079, 1080, 1081, 1083, 1084, 1085, 1086, 1087, 1088, 1089, 1092, 1093, 1094, 1095, 1096, 1097, 1098, 1099, 1100, 1101, 1103, 1104, 1105, 1106, 1109, 1110, 1111, 1112, 1113, 1114, 1115, 1116, 1117, 1118, 1119, 1120, 1121, 1122, 1123, 1124, 1125, 1126, 1128, 1129, 1131, 1132, 1133, 1134, 1135, 1136, 1137, 1138, 1139, 1140, 1141, 1143, 1144, 1145, 1146, 1148, 1149, 1151, 1152, 1153, 1154, 1155, 1156, 1157, 1158, 1159, 1160, 1161, 1163, 1164, 1166, 1167, 1168, 1169, 1170, 1171, 1172, 1173, 1174, 1175, 1176, 1177, 1178, 1179, 1180, 1181, 1182, 1183, 1184, 1185, 1186, 1188, 1189, 1192, 1193, 1194, 1195, 1196, 1198, 1199, 1200, 1201, 1202, 1203, 1204, 1205, 1206, 1207, 1208, 1209, 1210, 1211, 1212, 1213, 1214, 1215, 1216, 1217, 1218, 1219, 1220, 1221, 1222, 1223, 1224, 1225, 1226, 1227, 1228, 1229, 1230, 1231, 1232, 1233, 1234, 1235, 1236, 1237, 1238, 1239, 1241, 1242, 1243, 1244, 1245, 1246, 1247, 1248, 1249, 1250, 1251, 1252, 1253, 1254, 1255, 1256, 1257, 1258, 1259, 1260, 1261, 1262, 1263, 1264, 1266, 1267, 1268, 1269, 1270, 1271, 1272, 1273, 1274, 1275, 1276, 1277, 1278, 1280, 1281, 1282, 1283, 1284, 1285, 1286, 1287, 1288, 1289, 1290, 1291, 1292, 1293, 1294, 1295, 1297, 1298, 1300, 1301, 1302, 1303, 1304, 1305, 1306, 1307, 1308, 1309, 1310, 1311, 1312, 1313, 1314, 1315, 1316, 1317, 1318, 1320, 1321, 1322, 1323, 1324, 1325, 1326, 1327, 1328, 1329, 1330, 1331, 1332, 1333, 1334, 1335, 1336, 1337, 1338, 1339, 1340, 1341, 1344, 1345, 1346, 1347, 1348, 1349, 1350, 1351, 1352, 1353, 1354, 1355, 1356, 1357, 1359, 1361, 1362, 1363, 1364, 1365, 1366, 1367, 1368, 1372, 1373, 1374, 1376, 1377, 1378, 1379, 1380, 1381, 1383, 1384, 1385, 4009, 4019, 4022, 4026, 4028, 4030, 4033, 4034, 4035, 4037, 4038, 4041, 4042, 4044, 4046, 4051, 4054, 4058, 4066, 4077, 4088, 4103, 4104, 4105, 4106, 4107, 4108, 4109, 4110, 4111, 4112, 4114, 4115, 4116, 4117, 4118, 4119, 4120, 4122, 4123, 4125, 4127, 4128, 4130, 4131, 4133, 4134, 4135, 4136, 4140, 4141, 4142, 4143, 4145, 4146, 4148, 4149, 4150, 4153, 4154, 4155, 4158, 4159, 4162, 4163, 4164, 4165, 4166, 4167, 4168, 4169, 4170, 4171, 4172, 4175, 4179, 4181, 4182, 4183, 4184, 4185, 4186, 4188, 4190, 4191, 4193, 4196, 4200, 4201, 4205, 4206, 4208, 4210, 4212, 4216, 4219, 4220, 4221, 4228, 4230, 4234, 4235, 4236, 4237, 4240, 4241, 4248, 4255, 4257, 4263, 4268, 4273, 4281, 4282, 4283, 4284, 4285, 4286, 4289, 4291, 4298, 4301, 7025, 7037, 7038, 7039, 7040, 7041, 7043, 7044, 7045, 7047, 7048, 7049, 7051, 7052, 7053, 7056, 7058, 7059, 7061, 7062, 7063, 7064, 7065, 7066, 7067, 7068, 7069, 7070, 7071, 7072, 7073, 7074, 7076, 7077, 7078, 7079, 7080, 7081, 7082, 7084, 7086, 7087, 7089, 7090, 7092, 7093, 7096, 7097, 7098, 7099, 7100, 7102, 7103, 7104, 7105, 7106, 7107, 7108, 7109, 7110, 7111, 7112, 7113, 7114, 7115, 7116, 7117, 7118, 7119, 7120, 7122, 7123, 7124, 7125, 7126, 7127, 7128, 7129, 7130, 7131, 7132, 7133, 7134, 7136, 7137, 7138, 7139, 7140, 7141, 7142, 7143, 7144, 7145, 7146, 7147, 7148, 7149, 7150, 7152, 7153, 7154, 7155, 7156, 7157, 7158, 7159, 7160, 7161, 7162, 7164, 7165, 7166, 7167, 7168, 7169, 7170, 7171, 7172, 7173, 7174, 7175, 7176, 7177, 7178, 7179, 7180, 7181, 7182, 7183, 7184, 7185, 7186, 7188, 7189, 7190, 7191, 7192, 7193, 7194, 7195, 7196, 7197, 7198, 7199, 7200, 7201, 7202, 7203, 7204, 7206, 7207, 7208, 7209, 7210, 7211, 7212, 7213, 7214, 7215, 7216, 7217, 7218, 7219, 7220, 7221, 7222, 7223, 7224, 7225, 7226, 7227, 7228, 7229, 7230, 7231, 7232, 7233, 7234, 7235, 7236, 7237, 7238, 7239, 7240, 7241, 7242, 7243, 7244, 7245, 7246, 7247, 7248, 7249, 7250, 7251, 7252, 7253, 7254, 7255, 7256, 7257, 7258, 7259, 7260, 7261, 7262, 7263, 7264, 7265, 7266, 7267, 7268, 7269, 7270, 7271, 7272, 7273, 7274, 7275, 7276, 7277, 7278, 7279, 7280, 7281, 7282, 7283, 7284, 7285, 7286, 7287, 7288, 7290, 7291, 7292, 7293, 7294, 7295, 7296, 7297, 7298, 7299, 7300, 7301, 7302, 7303, 7304, 7305, 7306, 7307, 7308, 7309, 7310, 7311, 7312, 7313, 7314, 7315, 7316, 7317, 7318, 7319, 7320, 7322, 7323, 7325, 7326, 7327, 7328, 7329, 7330, 7332, 7333, 7334, 7335, 7336, 7337, 7338, 7339, 7340, 7341, 7343, 7344, 7345, 7346, 7347, 7348, 7349, 7350, 7351, 7352, 7354, 7355, 7356, 7357, 7358, 7360, 7361, 7362, 7363, 7364, 7365, 7366, 7367, 7368, 7369, 7371, 7372, 7373, 7374, 7375, 7376, 7377, 7378, 7379, 7381, 7382, 7383, 7384, 7385, 7386, 7387, 7388, 7389, 7390, 7391, 7392, 7393, 7394, 7395, 7396, 7397, 7398, 7399, 7401, 7402, 7403, 7404, 7405, 7406, 7407, 7408, 7409, 7411]

PARTICIPANTS WITH EVERYTHING BUT OXYGEN SATS: 893
patient_IDs = [1023, 1024, 1026, 1027, 1028, 1029, 1030, 1031, 1032, 1033, 1034, 1035, 1036, 1037, 1038, 1039, 1040, 1041, 1042, 1043, 1044, 1045, 1046, 1047, 1049, 1050, 1051, 1052, 1053, 1054, 1055, 1056, 1057, 1058, 1060, 1061, 1062, 1063, 1064, 1065, 1066, 1067, 1068, 1069, 1070, 1071, 1072, 1073, 1074, 1075, 1076, 1077, 1079, 1080, 1081, 1083, 1084, 1085, 1086, 1087, 1088, 1089, 1092, 1093, 1094, 1095, 1096, 1097, 1098, 1099, 1100, 1101, 1103, 1104, 1105, 1106, 1109, 1110, 1111, 1112, 1113, 1114, 1115, 1116, 1117, 1118, 1119, 1120, 1121, 1122, 1123, 1124, 1125, 1126, 1128, 1129, 1131, 1132, 1133, 1134, 1135, 1136, 1137, 1138, 1139, 1140, 1141, 1143, 1144, 1145, 1146, 1148, 1149, 1151, 1152, 1153, 1154, 1155, 1156, 1157, 1158, 1159, 1160, 1161, 1163, 1164, 1166, 1167, 1168, 1169, 1170, 1171, 1172, 1173, 1174, 1175, 1176, 1177, 1178, 1179, 1180, 1181, 1182, 1183, 1184, 1185, 1186, 1188, 1189, 1192, 1193, 1194, 1195, 1196, 1198, 1199, 1200, 1201, 1202, 1203, 1204, 1205, 1206, 1207, 1208, 1209, 1210, 1211, 1212, 1213, 1214, 1215, 1216, 1217, 1218, 1219, 1220, 1221, 1222, 1223, 1224, 1225, 1226, 1227, 1228, 1229, 1230, 1231, 1232, 1233, 1234, 1235, 1236, 1237, 1238, 1239, 1240, 1241, 1242, 1243, 1244, 1245, 1246, 1247, 1248, 1249, 1250, 1251, 1252, 1253, 1254, 1255, 1256, 1257, 1258, 1259, 1260, 1261, 1262, 1263, 1264, 1266, 1267, 1268, 1269, 1270, 1271, 1272, 1273, 1274, 1275, 1276, 1277, 1278, 1280, 1281, 1282, 1283, 1284, 1285, 1286, 1287, 1288, 1289, 1290, 1291, 1292, 1293, 1294, 1295, 1297, 1298, 1299, 1300, 1301, 1302, 1303, 1304, 1305, 1306, 1307, 1308, 1309, 1310, 1311, 1312, 1313, 1314, 1315, 1316, 1317, 1318, 1320, 1321, 1322, 1323, 1324, 1325, 1326, 1327, 1328, 1329, 1330, 1331, 1332, 1333, 1334, 1335, 1336, 1337, 1338, 1339, 1340, 1341, 1344, 1345, 1346, 1347, 1348, 1349, 1350, 1351, 1352, 1353, 1354, 1355, 1356, 1357, 1359, 1361, 1362, 1363, 1364, 1365, 1366, 1367, 1368, 1372, 1373, 1374, 1376, 1377, 1378, 1379, 1380, 1381, 1383, 1384, 1385, 4009, 4019, 4022, 4026, 4028, 4030, 4033, 4034, 4035, 4036, 4037, 4038, 4039, 4040, 4041, 4042, 4043, 4044, 4045, 4046, 4048, 4049, 4051, 4052, 4054, 4055, 4056, 4057, 4058, 4059, 4060, 4061, 4062, 4064, 4065, 4066, 4067, 4068, 4072, 4073, 4074, 4075, 4076, 4077, 4078, 4082, 4087, 4088, 4089, 4091, 4095, 4101, 4103, 4104, 4105, 4106, 4107, 4108, 4109, 4110, 4111, 4112, 4113, 4114, 4115, 4116, 4117, 4118, 4119, 4120, 4121, 4122, 4123, 4124, 4125, 4127, 4128, 4130, 4131, 4132, 4133, 4134, 4135, 4136, 4138, 4139, 4140, 4141, 4142, 4143, 4145, 4146, 4147, 4148, 4149, 4150, 4151, 4153, 4154, 4155, 4156, 4157, 4158, 4159, 4160, 4161, 4162, 4163, 4164, 4165, 4166, 4167, 4168, 4169, 4170, 4171, 4172, 4175, 4177, 4178, 4179, 4180, 4181, 4182, 4183, 4184, 4185, 4186, 4187, 4188, 4189, 4190, 4191, 4192, 4193, 4196, 4200, 4201, 4202, 4203, 4205, 4206, 4207, 4208, 4210, 4211, 4212, 4215, 4216, 4219, 4220, 4221, 4222, 4224, 4225, 4226, 4227, 4228, 4229, 4230, 4231, 4232, 4234, 4235, 4236, 4237, 4239, 4240, 4241, 4244, 4245, 4246, 4247, 4248, 4249, 4250, 4251, 4252, 4253, 4254, 4255, 4256, 4257, 4261, 4263, 4264, 4265, 4266, 4267, 4268, 4269, 4270, 4271, 4273, 4274, 4275, 4278, 4279, 4281, 4282, 4283, 4284, 4285, 4286, 4287, 4289, 4290, 4291, 4292, 4294, 4296, 4297, 4298, 4299, 4301, 4302, 7025, 7037, 7038, 7039, 7040, 7041, 7043, 7044, 7045, 7047, 7048, 7049, 7051, 7052, 7053, 7056, 7058, 7059, 7061, 7062, 7063, 7064, 7065, 7066, 7067, 7068, 7069, 7070, 7071, 7072, 7073, 7074, 7076, 7077, 7078, 7079, 7080, 7081, 7082, 7084, 7086, 7087, 7089, 7090, 7092, 7093, 7096, 7097, 7098, 7099, 7100, 7102, 7103, 7104, 7105, 7106, 7107, 7108, 7109, 7110, 7111, 7112, 7113, 7114, 7115, 7116, 7117, 7118, 7119, 7120, 7121, 7122, 7123, 7124, 7125, 7126, 7127, 7128, 7129, 7130, 7131, 7132, 7133, 7134, 7136, 7137, 7138, 7139, 7140, 7141, 7142, 7143, 7144, 7145, 7146, 7147, 7148, 7149, 7150, 7152, 7153, 7154, 7155, 7156, 7157, 7158, 7159, 7160, 7161, 7162, 7163, 7164, 7165, 7166, 7167, 7168, 7169, 7170, 7171, 7172, 7173, 7174, 7175, 7176, 7177, 7178, 7179, 7180, 7181, 7182, 7183, 7184, 7185, 7186, 7187, 7188, 7189, 7190, 7191, 7192, 7193, 7194, 7195, 7196, 7197, 7198, 7199, 7200, 7201, 7202, 7203, 7204, 7206, 7207, 7208, 7209, 7210, 7211, 7212, 7213, 7214, 7215, 7216, 7217, 7218, 7219, 7220, 7221, 7222, 7223, 7224, 7225, 7226, 7227, 7228, 7229, 7230, 7231, 7232, 7233, 7234, 7235, 7236, 7237, 7238, 7239, 7240, 7241, 7242, 7243, 7244, 7245, 7246, 7247, 7248, 7249, 7250, 7251, 7252, 7253, 7254, 7255, 7256, 7257, 7258, 7259, 7260, 7261, 7262, 7263, 7264, 7265, 7266, 7267, 7268, 7269, 7270, 7271, 7272, 7273, 7274, 7275, 7276, 7277, 7278, 7279, 7280, 7281, 7282, 7283, 7284, 7285, 7286, 7287, 7288, 7290, 7291, 7292, 7293, 7294, 7295, 7296, 7297, 7298, 7299, 7300, 7301, 7302, 7303, 7304, 7305, 7306, 7307, 7308, 7309, 7310, 7311, 7312, 7313, 7314, 7315, 7316, 7317, 7318, 7319, 7320, 7322, 7323, 7325, 7326, 7327, 7328, 7329, 7330, 7332, 7333, 7334, 7335, 7336, 7337, 7338, 7339, 7340, 7341, 7343, 7344, 7345, 7346, 7347, 7348, 7349, 7350, 7351, 7352, 7354, 7355, 7356, 7357, 7358, 7359, 7360, 7361, 7362, 7363, 7364, 7365, 7366, 7367, 7368, 7369, 7371, 7372, 7373, 7374, 7375, 7376, 7377, 7378, 7379, 7381, 7382, 7383, 7384, 7385, 7386, 7387, 7388, 7389, 7390, 7391, 7392, 7393, 7394, 7395, 7396, 7397, 7398, 7399, 7401, 7402, 7403, 7404, 7405, 7406, 7407, 7408, 7409, 7411]